558482813065 
558953551459 
558136998010 
558084381445 
536890575837 
558081741820 
558815440800 
558886102143 
559004413042 
558303903621 
557730653103 
557997039254 
557796860267 
555352363388 
555186576412 
536574147374 
536890032163 
536866678299 
537067795748 
537624783494 
537700606540 
537740141745 
555268177454 
555267701883 
555358343481 
559337075656 
537742426124 
557786176174 
558391360532 
558855822286 
557875117334 
559072202192 
555304354469 
537699398640 
535799311872 
535955705575 
557429730644 
535878490701 
537474106710 
536564562718 
524077512423 
536601954539 
537667971940 
538535908280 
558871577751 
559181421767 
558989963756 
558923846726 
558781984360 
559301839711 
558923790710 
555796802914 
555676276714 
555185924748 
555186904846 
558707000508 
558800273349 
536976964391 
556498974997 
556497618209 
553838781657 
537624155459 
555183040452 
555299818582 
558139010126 
559024751738 
550999478486 
537021924887 
557989192760 
557992095705 
558079109671 
546396141911 
536244285367 
537779144571 
558082249185 
557799996522 
524002537421 
524998318491 
546417930735 
536280436535 
536909666402 
553481711540 
553331412926 
558990239456 
558781928535 
558781816559 
558871801376 
558871633747 
558924090286 
558871805350 
558924102347 
558871881229 
558781956528 
558923786850 
558990447161 
558871849401 
558924122277 
558871897235 
559301755893 
559181529855 
559090176977 
559302459098 
559301635993 
542646801520 
537795585715 
542636520847 
541876907886 
537647700030 
537822296332 
537491659433 
555767749419 
555859359563 
545206651780 
537755926645 
551077136538 
558195647465 
558222100408 
558424623852 
558199792236 
558290453254 
558310457531 
558204760681 
558222028887 
558310553424 
558425135331 
558222672179 
558409991075 
558222220267 
558425007210 
558310017489 
558310281556 
558361418487 
558222000684 
558222672306 
558424303761 
559301627991 
559182073470 
559238534852 
559089940793 
559090520153 
559090048722 
559238790881 
559182177049 
559089896929 
559090464560 
559301855710 
559301867691 
558424835099 
558205924941 
558424327824 
558222196662 
558361718519 
558361806682 
558676351840 
558424571470 
558222020147 
558222376448 
558676407154 
558361338466 
558222380491 
558221836545 
558424583246 
558361210547 
558425343064 
558559725523 
558676267334 
558676267337 
558221948311 
558222192170 
558310633288 
558204864310 
558361874108 
558408415086 
558310701431 
558221652749 
558344518722 
558204916825 
558361694270 
551890806737 
558424775588 
555334542761 
558222216489 
555460422772 
536881692513 
545177209938 
544837631720 
548537582222 
558676383618 
558424435630 
555272925526 
555195340747 
555185104022 
555351943869 
555358931787 
555351287184 
555354851117 
555191572276 
558533006732 
558390748063 
558710768494 
558800881146 
558802965537 
558919603315 
558795721042 
558099644635 
558482433678 
558487413906 
544820606501 
544799699591 
544814257257 
556405033534 
556502271102 
544522044675 
544571918945 
545981989998 
555386835524 
551926875452 
553442024314 
558676219900 
552739271548 
558310741760 
558166611876 
558222232641 
551838129166 
536838235293 
537741682393 
537822160542 
544514198065 
556387352175 
537702638968 
544818030230 
537251224218 
555858731960 
558200740369 
559265397978 
559266089160 
559273225153 
559392131580 
558531774522 
558538662092 
558856390894 
558187601217 
558869128205 
559081007059 
558706356976 
537746382655 
537741421287 
537827468294 
559267969169 
533811635985 
534011594681 
555185336989 
558078421312 
559229368987 
559380062447 
559444179767 
559381022573 
559405879009 
559174184860 
559271897650 
559329462383 
559328786996 
559273661051 
559273437257 
559394127794 
559280937234 
559337874373 
559329514144 
559329274729 
559330818411 
559394135412 
559329194716 
559337754570 
559604787084 
559182064017 
559393327993 
557180811051 
554487612926 
558154401476 
558154197900 
545597515386 
545380213941 
545398438971 
556508507705 
557715693360 
558206872949 
524004130384 
558953429286 
558960082284 
535796559536 
558135358797 
558087101444 
558198747614 
558688558361 
558310669977 
551874414281 
555308362058 
555264633803 
555350399887 
555271781504 
555269093900 
555184068326 
558559729588 
558730980901 
558938783289 
551874414040 
551838129052 
551926963143 
553544562356 
551799476813 
554598790099 
557077817127 
558221408955 
557180423862 
558064988362 
558559905831 
558286981520 
558405443287 
558202844365 
558342798326 
558406891605 
558292949058 
558407363599 
558407859293 
558344498156 
558295001440 
558207072756 
558665377657 
558665613092 
558576524582 
558782891948 
558783291104 
558783551030 
558719294205 
558664937358 
558718922046 
558611978646 
558471412809 
558988668049 
559240746412 
559092016908 
559303639691 
559092160821 
559241438798 
559093348888 
559242086341 
536006712722 
551927363160 
559792508102 
559791804976 
559943314290 
559793268519 
559889047136 
557121214888 
558471724021 
559181124456 
559394863028 
558717950868 
558664669142 
558872542694 
559819498588 
559134310015 
558665353465 
559480825334 
559603303885 
537062703133 
555195440141 
555310458834 
555264101956 
558754123147 
558676483532 
558104126787 
558820297988 
559094296883 
558782935049 
558664593962 
559307611085 
559093768952 
558782591658 
558471584191 
558676163797 
558576372798 
558783059682 
559094820749 
558676651443 
555765478786 
558676299271 
558612066916 
555819431367 
559094532806 
558612526187 
554925898348 
555645320587 
555819683135 
559095244831 
558310397328 
551891386978 
551891666278 
558783267171 
558471520153 
